 z[m] p[mb]  tls[K/s] qls[kg/kg/s] uls  vls  wls[m/s]
199.250          21      1019.30      day,levels,pres0
-9999.000 1050.0 -4.6258E-05 -1.2328E-07   4.518  -7.703 -0.00025
-9999.000 1000.0 -6.2408E-05 -1.1735E-07   4.638  -7.821 -0.00072
-9999.000  950.0 -1.1438E-04 -5.7263E-08   5.552  -8.127 -0.00290
-9999.000  900.0 -4.7537E-05 -1.0569E-07   6.635  -8.392 -0.00329
-9999.000  850.0 -1.6195E-05 -2.6703E-08   7.655  -8.408 -0.00121
-9999.000  800.0 -3.5676E-05  2.3385E-08   9.143  -8.157  0.00001
-9999.000  750.0 -3.8439E-05  2.9956E-08  11.007  -8.339 -0.00087
-9999.000  700.0 -5.5769E-05  4.5896E-08  11.888  -9.352 -0.00228
-9999.000  650.0 -5.2124E-05 -5.0821E-08  12.055 -10.236 -0.00354
-9999.000  600.0 -6.3129E-06 -1.5947E-07  13.144 -10.142 -0.00380
-9999.000  550.0  3.8062E-06 -8.5650E-08  13.880 -10.092 -0.00660
-9999.000  500.0 -3.3921E-05  9.3617E-09  14.230  -9.698 -0.01204
-9999.000  450.0 -6.4694E-05 -3.5030E-10  15.477  -8.928 -0.01213
-9999.000  400.0 -3.6229E-05 -1.0141E-09  17.577  -8.093 -0.00543
-9999.000  350.0 -7.9549E-06  4.1971E-09  19.613  -6.763 -0.00210
-9999.000  300.0 -2.5381E-05  7.7869E-10  20.302  -4.628 -0.00582
-9999.000  250.0 -6.9365E-06 -1.4392E-09  20.562  -3.806 -0.01023
-9999.000  200.0  1.9813E-05 -2.6850E-11  20.424  -4.197 -0.01125
-9999.000  150.0  2.6442E-05 -8.9192E-11  16.182  -3.935 -0.00516
-9999.000  100.0  6.0351E-07 -7.3464E-12   6.973  -2.279 -0.00008
-9999.000   50.0  0.0000E+00  0.0000E+00  -4.068  -1.331 -0.00000
199.375          21      1019.30      day,levels,pres0
-9999.000 1050.0 -4.5902E-05 -7.1813E-08   3.168  -7.023 -0.00054
-9999.000 1000.0 -4.9760E-05 -7.0503E-08   3.195  -7.056 -0.00142
-9999.000  950.0 -8.5377E-05 -1.8424E-08   3.508  -7.182 -0.00534
-9999.000  900.0 -8.1907E-05 -2.1978E-08   5.052  -7.930 -0.00924
-9999.000  850.0 -4.6593E-05 -8.4870E-10   7.091  -8.479 -0.01194
-9999.000  800.0 -4.8479E-05  1.4935E-08   9.241  -9.156 -0.01288
-9999.000  750.0 -6.1122E-05  3.4758E-08  11.146  -9.793 -0.01134
-9999.000  700.0 -7.6397E-05 -2.4239E-08  11.743 -10.143 -0.00943
-9999.000  650.0 -7.2607E-05 -3.3495E-08  12.548 -10.586 -0.00741
-9999.000  600.0 -4.6766E-05  3.6372E-08  13.906 -10.230 -0.00417
-9999.000  550.0 -3.3392E-05 -2.6980E-08  14.736  -9.195 -0.00178
-9999.000  500.0 -4.0404E-05 -3.8055E-08  14.666  -8.403 -0.00245
-9999.000  450.0 -6.6661E-05  7.2918E-10  15.005  -8.077 -0.00281
-9999.000  400.0 -7.9210E-05  3.1334E-09  17.873  -6.413 -0.00031
-9999.000  350.0 -5.1309E-05 -2.2391E-09  22.041  -3.977 -0.00270
-9999.000  300.0 -2.6063E-05 -2.7477E-09  23.475  -2.522 -0.00485
-9999.000  250.0 -9.3618E-06 -1.3767E-09  23.714  -1.494 -0.00252
-9999.000  200.0  7.5930E-06 -6.9900E-10  23.184  -1.385 -0.00310
-9999.000  150.0  7.1146E-06 -2.1672E-10  17.852  -2.549 -0.00219
-9999.000  100.0 -9.0894E-07  1.7621E-12   7.961  -2.434 -0.00041
-9999.000   50.0  0.0000E+00  0.0000E+00  -4.691  -1.467 -0.00000
199.500          21      1019.30      day,levels,pres0
-9999.000 1050.0 -5.5675E-05 -4.2519E-08   3.799  -6.439 -0.00052
-9999.000 1000.0 -4.7762E-05 -4.3022E-08   3.831  -6.455 -0.00132
-9999.000  950.0 -4.7165E-05 -3.0988E-08   4.101  -6.416 -0.00410
-9999.000  900.0 -5.8698E-05 -2.2120E-08   5.433  -6.922 -0.00606
-9999.000  850.0 -6.0548E-05 -6.2746E-09   7.235  -7.834 -0.00836
-9999.000  800.0 -8.7913E-05  4.5783E-08   8.730  -8.708 -0.01169
-9999.000  750.0 -9.1275E-05  7.0283E-08  10.537  -8.880 -0.01362
-9999.000  700.0 -7.1504E-05  7.3360E-08  11.642  -8.602 -0.01424
-9999.000  650.0 -7.7184E-05  1.0944E-07  12.135  -9.122 -0.01495
-9999.000  600.0 -8.2364E-05  7.6043E-08  13.165  -9.125 -0.01771
-9999.000  550.0 -6.4270E-05  1.3849E-08  14.767  -8.322 -0.01891
-9999.000  500.0 -4.3607E-05 -1.4954E-08  15.407  -7.387 -0.01515
-9999.000  450.0 -6.2875E-05  5.4832E-09  15.961  -7.040 -0.01139
-9999.000  400.0 -1.0488E-04  1.1155E-08  18.530  -5.802 -0.00965
-9999.000  350.0 -9.0849E-05 -7.6770E-09  23.213  -4.359 -0.00761
-9999.000  300.0 -6.0152E-05 -5.9811E-09  25.198  -3.893 -0.00231
-9999.000  250.0 -2.7840E-05 -3.2150E-09  25.717  -2.521  0.00511
-9999.000  200.0 -1.7235E-05 -9.9918E-10  24.556  -1.692  0.00624
-9999.000  150.0 -2.3250E-05 -5.7104E-11  18.291  -2.042  0.00012
-9999.000  100.0  3.0563E-06  1.1573E-12   7.476  -2.378 -0.00138
-9999.000   50.0  0.0000E+00  0.0000E+00  -4.711  -0.809 -0.00000
199.625          21      1019.30      day,levels,pres0
-9999.000 1050.0 -1.9037E-05 -2.7388E-08   3.482  -5.488 -0.00027
-9999.000 1000.0 -2.0381E-05 -2.7544E-08   3.522  -5.504 -0.00065
-9999.000  950.0 -2.0479E-05 -2.1834E-08   3.887  -5.304 -0.00161
-9999.000  900.0 -2.3437E-05  4.5889E-09   5.490  -6.202 -0.00108
-9999.000  850.0 -4.2469E-05  2.9632E-08   6.951  -7.616 -0.00133
-9999.000  800.0 -6.1997E-05  7.3453E-08   7.722  -8.154 -0.00318
-9999.000  750.0 -6.2192E-05  6.6859E-08   9.206  -8.266 -0.00328
-9999.000  700.0 -5.3016E-05  7.9339E-08   9.959  -7.631 -0.00463
-9999.000  650.0 -4.9628E-05  4.0610E-08  10.869  -6.817 -0.00680
-9999.000  600.0 -3.8929E-05 -1.8287E-08  13.125  -6.715 -0.01094
-9999.000  550.0 -2.6282E-05 -1.6975E-08  15.836  -6.845 -0.01560
-9999.000  500.0 -1.6358E-05 -5.1713E-10  17.120  -6.978 -0.01477
-9999.000  450.0 -3.2200E-05  1.2821E-08  17.437  -7.099 -0.01218
-9999.000  400.0 -6.5083E-05  1.7442E-08  18.090  -5.847 -0.01063
-9999.000  350.0 -3.2860E-05  8.6896E-10  20.254  -4.663 -0.00969
-9999.000  300.0  3.1717E-06 -1.0996E-09  21.631  -4.297 -0.00823
-9999.000  250.0  2.0253E-05 -6.8652E-10  23.354  -3.260 -0.00231
-9999.000  200.0  3.3534E-06 -2.2844E-10  24.035  -2.750  0.00130
-9999.000  150.0 -1.5781E-05  8.4423E-12  19.095  -3.529  0.00117
-9999.000  100.0  4.6254E-06  1.5680E-12   7.811  -2.799  0.00071
-9999.000   50.0  0.0000E+00  0.0000E+00  -4.206  -0.875 -0.00000
199.75          21      1019.30      day,levels,pres0
-9999.000 1050.0 -5.7358E-07 -2.0569E-08   3.368  -5.094 -0.00053
-9999.000 1000.0 -3.2876E-06 -2.0180E-08   3.420  -5.116 -0.00129
-9999.000  950.0  3.4805E-06 -1.8222E-08   3.889  -5.178 -0.00320
-9999.000  900.0 -1.8264E-05  4.9069E-08   5.286  -6.891 -0.00193
-9999.000  850.0 -7.4977E-05  8.2225E-08   6.304  -8.232 -0.00128
-9999.000  800.0 -8.8528E-05  7.4100E-08   7.195  -7.742 -0.00261
-9999.000  750.0 -7.4461E-05  7.5721E-08   8.588  -7.554 -0.00455
-9999.000  700.0 -5.0004E-05  5.7754E-08   9.973  -6.566 -0.00678
-9999.000  650.0 -4.8247E-05 -3.5515E-09  11.722  -5.845 -0.00793
-9999.000  600.0 -4.7791E-05 -2.0022E-08  13.934  -5.782 -0.00974
-9999.000  550.0 -2.4096E-05  2.0883E-08  16.121  -6.379 -0.01276
-9999.000  500.0 -1.2311E-05  3.0324E-08  17.091  -7.035 -0.01583
-9999.000  450.0 -6.2797E-06  1.2848E-08  17.569  -7.068 -0.01964
-9999.000  400.0 -1.9244E-05  1.0299E-08  18.287  -6.798 -0.02110
-9999.000  350.0 -3.3060E-05  3.3017E-09  20.357  -5.020 -0.01855
-9999.000  300.0 -8.6685E-06 -7.3022E-11  21.717  -3.652 -0.01392
-9999.000  250.0  1.8039E-05 -3.5436E-10  23.888  -3.341 -0.00681
-9999.000  200.0  4.2250E-06 -1.6339E-11  24.500  -4.368 -0.00211
-9999.000  150.0 -2.1057E-06  2.9560E-11  19.584  -5.087 -0.00238
-9999.000  100.0  3.6245E-06  4.7394E-12   8.281  -3.024 -0.00011
-9999.000   50.0  0.0000E+00  0.0000E+00  -4.147  -1.160 -0.00000
